0,500000 -0,500000 0,145940 0,000000 0,000000
0,333333 -0,000000 0,361164 0,000000 0,096354
0,250000 -0,250000 0,107833 -0,333333 0,051389
0,200000 -0,000000 0,173345 -0,500000 0,030599
0,166667 -0,000000 0,134927 -0,600000 0,020048
0,142857 -0,000000 0,109698 -0,666667 0,014075
0,125000 -0,125000 0,060007 -0,714286 0,010396
0,111111 -0,111111 0,053774 -0,750000 0,007981
0,100000 -0,000000 0,069092 -0,777778 0,006313
0,090909 -0,090909 0,044454 -0,800000 0,005116
0,083333 -0,083333 0,040888 -0,818182 0,004227
0,076923 -0,000000 0,049874 0,000000 0,003647
0,071429 -0,000000 0,045579 0,000000 0,003202
0,066667 -0,000000 0,041945 0,000000 0,002831
0,062500 -0,062500 0,030913 0,000000 0,002519
0,058824 -0,058824 0,029129 0,000000 0,002254
0,055556 -0,055556 0,027539 0,000000 0,002028
0,052632 -0,000000 0,031718 0,000000 0,001834
0,050000 -0,050000 0,024824 0,000000 0,001666
0,047619 -0,047619 0,023657 0,000000 0,001520
0,045455 -0,000000 0,026770 0,000000 0,001392
0,043478 -0,000000 0,025441 0,000000 0,001280
0,041667 -0,000000 0,024236 0,000000 0,001180
0,040000 -0,040000 0,019909 0,000000 0,001092
0,038462 -0,000000 0,022135 0,000000 0,001013
0,037037 -0,000000 0,021213 0,000000 0,000942
0,035714 -0,000000 0,020364 0,000000 0,000879
0,034483 -0,000000 0,019580 0,000000 0,000821
0,033333 -0,000000 0,018853 0,000000 0,000769
0,032258 -0,000000 0,018178 0,000000 0,000722
0,031250 -0,031250 0,015581 0,000000 0,000679
0,030303 -0,000000 0,016961 0,000000 0,000640
0,029412 -0,029412 0,014669 0,000000 0,000604
0,028571 -0,028571 0,014252 0,000000 0,000570
0,027778 -0,027778 0,013858 0,000000 0,000540
0,027027 -0,000000 0,014955 0,000000 0,000512
0,026316 -0,000000 0,014525 0,000000 0,000486
0,025641 -0,025641 0,012796 0,000000 0,000462
0,025000 -0,025000 0,012477 0,000000 0,000440
0,024390 -0,024390 0,012174 0,000000 0,000419
0,023810 -0,023810 0,011885 0,000000 0,000400
0,023256 -0,023256 0,011610 0,000000 0,000382
0,022727 -0,000000 0,012385 0,000000 0,000365
0,022222 -0,022222 0,011095 0,000000 0,000349
0,021739 -0,000000 0,011805 0,000000 0,000335
0,021277 -0,021277 0,010624 0,000000 0,000321
0,020833 -0,020833 0,010403 0,000000 0,000308
0,020408 -0,020408 0,010192 0,000000 0,000296
0,020000 -0,020000 0,009988 -0,000000 0,000284
0,019608 -0,019608 0,009793 0,000000 0,000273
0,019231 -0,019231 0,009605 0,000000 0,000263
0,018868 -0,000000 0,010139 0,000000 0,000253
0,018519 -0,000000 0,009939 0,000000 0,000244
0,018182 -0,018182 0,009082 0,000000 0,000235
0,017857 -0,017857 0,008920 0,000000 0,000227
0,017544 -0,017544 0,008764 0,000000 0,000219
0,017241 -0,017241 0,008613 0,000000 0,000212
0,016949 -0,000000 0,009044 0,000000 0,000205
0,016667 -0,016667 0,008327 0,000000 0,000198
0,016393 -0,016393 0,008190 0,000000 0,000192
0,016129 -0,000000 0,008581 0,000000 0,000186
0,015873 -0,000000 0,008436 0,000000 0,000180
0,015625 -0,015625 0,007807 0,000000 0,000175
0,015385 -0,000000 0,008162 0,000000 0,000169
0,015152 -0,000000 0,008031 0,000000 0,000164
0,014925 -0,014925 0,007458 0,000000 0,000160
0,014706 -0,000000 0,007782 0,000000 0,000155
0,014493 -0,000000 0,007663 0,000000 0,000151
0,014286 -0,000000 0,007548 0,000000 0,000146
0,014085 -0,000000 0,007436 0,000000 0,000142
0,013889 -0,000000 0,007328 0,000000 0,000138
0,013699 -0,013699 0,006846 0,000000 0,000135
0,013514 -0,000000 0,007120 0,000000 0,000131
0,013333 -0,000000 0,007020 0,000000 0,000128
0,013158 -0,013158 0,006576 0,000000 0,000124
0,012987 -0,012987 0,006490 0,000000 0,000121
0,012821 -0,000000 0,006737 0,000000 0,000118
0,012658 -0,000000 0,006648 0,000000 0,000115
0,012500 -0,000000 0,006561 0,000000 0,000112
0,012346 -0,012346 0,006170 0,000000 0,000110
0,012195 -0,012195 0,006095 0,000000 0,000107
0,012048 -0,012048 0,006022 0,000000 0,000104
0,011905 -0,000000 0,006234 0,000000 0,000102
0,011765 -0,000000 0,006158 0,000000 0,000100
0,011628 -0,011628 0,005812 0,000000 0,000097
0,011494 -0,000000 0,006010 0,000000 0,000095
0,011364 -0,000000 0,005939 0,000000 0,000093
0,011236 -0,011236 0,005616 0,000000 0,000091
0,011111 -0,000000 0,005801 0,000000 0,000089
0,010989 -0,000000 0,005735 0,000000 0,000087
0,010870 -0,010870 0,005433 0,000000 0,000085
0,010753 -0,000000 0,005606 0,000000 0,000083
0,010638 -0,000000 0,005544 0,000000 0,000082
0,010526 -0,010526 0,005261 0,000000 0,000080
0,010417 -0,000000 0,005424 0,000000 0,000078
0,010309 -0,000000 0,005366 0,000000 0,000077
0,010204 -0,010204 0,005100 0,000000 0,000075
0,010101 -0,000000 0,005254 -0,000000 0,000074
