-1,000000000000000 1,000000000000000 1,000000000000000 0,000000000000000
-0,900000000000000 0,995500000000000 0,988909327203987 0,006590672796013
-0,800000000000000 0,984000000000000 0,973818601906883 0,010181398093117
-0,700000000000000 0,968500000000000 0,957727839442332 0,010772160557667
-0,600000000000000 0,952000000000000 0,943637050101780 0,008362949898220
-0,500000000000000 0,937500000000000 0,934546240972249 0,002953759027751
-0,400000000000000 0,928000000000000 0,933455417043746 0,005455417043746
-0,300000000000000 0,926500000000000 0,943364581898526 0,016864581898527
-0,200000000000000 0,936000000000000 0,967273738152424 0,031273738152425
-0,100000000000000 0,959500000000000 1,008182887744562 0,048682887744562
