-1,000000000000000 1,000000000000000 1,000000000000000 0,000000000000000
-0,990000000000000 0,999950500000000 0,999853990102935 0,000096509897065
-0,980000000000000 0,999804000000000 0,999613980205757 0,000190019794243
-0,970000000000000 0,999563500000000 0,999282970308470 0,000280529691530
-0,960000000000000 0,999232000000000 0,998863960411078 0,000368039588922
-0,950000000000000 0,998812500000000 0,998359950513587 0,000452549486413
-0,940000000000000 0,998308000000000 0,997773940615999 0,000534059384001
-0,930000000000000 0,997721500000000 0,997108930718318 0,000612569281682
-0,920000000000000 0,997056000000000 0,996367920820549 0,000688079179450
-0,910000000000000 0,996314500000000 0,995553910922695 0,000760589077305
-0,900000000000000 0,995500000000000 0,994669901024759 0,000830098975241
-0,890000000000000 0,994615500000000 0,993718891126745 0,000896608873255
-0,880000000000000 0,993664000000000 0,992703881228655 0,000960118771345
-0,870000000000000 0,992648500000000 0,991627871330492 0,001020628669508
-0,860000000000000 0,991572000000000 0,990493861432259 0,001078138567741
-0,850000000000000 0,990437500000000 0,989304851533958 0,001132648466042
-0,840000000000000 0,989248000000000 0,988063841635593 0,001184158364407
-0,830000000000000 0,988006500000000 0,986773831737165 0,001232668262835
-0,820000000000000 0,986716000000000 0,985437821838678 0,001278178161322
-0,810000000000000 0,985379500000000 0,984058811940132 0,001320688059868
-0,800000000000000 0,984000000000000 0,982639802041530 0,001360197958470
-0,790000000000000 0,982580500000000 0,981183792142875 0,001396707857125
-0,780000000000000 0,981124000000000 0,979693782244167 0,001430217755833
-0,770000000000000 0,979633500000000 0,978172772345410 0,001460727654590
-0,760000000000000 0,978112000000000 0,976623762446604 0,001488237553396
-0,750000000000000 0,976562500000000 0,975049752547751 0,001512747452249
-0,740000000000000 0,974988000000000 0,973453742648854 0,001534257351146
-0,730000000000000 0,973391500000000 0,971838732749913 0,001552767250087
-0,720000000000000 0,971776000000000 0,970207722850930 0,001568277149070
-0,710000000000000 0,970144500000000 0,968563712951906 0,001580787048094
-0,700000000000000 0,968500000000000 0,966909703052844 0,001590296947156
-0,690000000000000 0,966845500000000 0,965248693153743 0,001596806846257
-0,680000000000000 0,965184000000000 0,963583683254606 0,001600316745394
-0,670000000000000 0,963518500000000 0,961917673355434 0,001600826644566
-0,660000000000000 0,961852000000000 0,960253663456227 0,001598336543773
-0,650000000000000 0,960187500000000 0,958594653556988 0,001592846443012
-0,640000000000000 0,958528000000000 0,956943643657716 0,001584356342284
-0,630000000000000 0,956876500000000 0,955303633758414 0,001572866241586
-0,620000000000000 0,955236000000000 0,953677623859081 0,001558376140919
-0,610000000000000 0,953609500000000 0,952068613959720 0,001540886040280
-0,600000000000000 0,952000000000000 0,950479604060330 0,001520395939670
-0,590000000000000 0,950410500000000 0,948913594160914 0,001496905839086
-0,580000000000000 0,948844000000000 0,947373584261471 0,001470415738529
-0,570000000000000 0,947303500000000 0,945862574362002 0,001440925637998
-0,560000000000000 0,945792000000000 0,944383564462509 0,001408435537491
-0,550000000000000 0,944312500000000 0,942939554562992 0,001372945437008
-0,540000000000000 0,942868000000000 0,941533544663451 0,001334455336549
-0,530000000000000 0,941461500000000 0,940168534763889 0,001292965236111
-0,520000000000000 0,940096000000000 0,938847524864304 0,001248475135696
-0,510000000000000 0,938774500000000 0,937573514964698 0,001200985035302
-0,500000000000000 0,937500000000000 0,936349505065072 0,001150494934928
-0,490000000000000 0,936275500000000 0,935178495165426 0,001097004834574
-0,480000000000000 0,935104000000000 0,934063485265761 0,001040514734239
-0,470000000000000 0,933988500000000 0,933007475366076 0,000981024633923
-0,460000000000000 0,932932000000000 0,932013465466374 0,000918534533626
-0,450000000000000 0,931937500000000 0,931084455566654 0,000853044433346
-0,440000000000000 0,931008000000000 0,930223445666917 0,000784554333083
-0,429999999999999 0,930146500000000 0,929433435767164 0,000713064232836
-0,419999999999999 0,929356000000000 0,928717425867394 0,000638574132606
-0,409999999999999 0,928639500000000 0,928078415967609 0,000561084032391
-0,399999999999999 0,928000000000000 0,927519406067808 0,000480593932192
-0,389999999999999 0,927440500000000 0,927043396167993 0,000397103832007
-0,379999999999999 0,926964000000000 0,926653386268163 0,000310613731837
-0,369999999999999 0,926573500000000 0,926352376368319 0,000221123631681
-0,359999999999999 0,926272000000000 0,926143366468462 0,000128633531538
-0,349999999999999 0,926062500000000 0,926029356568592 0,000033143431408
-0,339999999999999 0,925948000000000 0,926013346668708 0,000065346668708
-0,329999999999999 0,925931500000000 0,926098336768813 0,000166836768813
-0,319999999999999 0,926016000000000 0,926287326868905 0,000271326868905
-0,309999999999999 0,926204500000000 0,926583316968986 0,000378816968986
-0,299999999999999 0,926500000000000 0,926989307069055 0,000489307069055
-0,289999999999999 0,926905500000000 0,927508297169112 0,000602797169112
-0,279999999999999 0,927424000000000 0,928143287269160 0,000719287269159
-0,269999999999999 0,928058500000000 0,928897277369196 0,000838777369196
-0,259999999999999 0,928812000000000 0,929773267469222 0,000961267469222
-0,249999999999999 0,929687500000000 0,930774257569239 0,001086757569238
-0,239999999999999 0,930688000000000 0,931903247669245 0,001215247669245
-0,229999999999999 0,931816500000000 0,933163237769242 0,001346737769242
-0,219999999999999 0,933076000000000 0,934557227869230 0,001481227869230
-0,209999999999999 0,934469500000000 0,936088217969209 0,001618717969209
-0,199999999999999 0,936000000000000 0,937759208069180 0,001759208069180
-0,189999999999999 0,937670500000000 0,939573198169141 0,001902698169141
-0,179999999999999 0,939484000000000 0,941533188269095 0,002049188269095
-0,169999999999999 0,941443500000000 0,943642178369040 0,002198678369040
-0,159999999999999 0,943552000000000 0,945903168468978 0,002351168468978
-0,149999999999999 0,945812500000000 0,948319158568908 0,002506658568908
-0,139999999999999 0,948228000000000 0,950893148668830 0,002665148668830
-0,129999999999999 0,950801500000000 0,953628138768746 0,002826638768746
-0,119999999999999 0,953536000000000 0,956527128868654 0,002991128868654
-0,109999999999999 0,956434500000000 0,959593118968555 0,003158618968555
-0,099999999999999 0,959500000000000 0,962829109068450 0,003329109068450
-0,089999999999999 0,962735500000000 0,966238099168338 0,003502599168338
-0,079999999999999 0,966144000000000 0,969823089268220 0,003679089268219
-0,069999999999999 0,969728500000000 0,973587079368095 0,003858579368095
-0,059999999999999 0,973492000000000 0,977533069467965 0,004041069467964
-0,049999999999999 0,977437500000000 0,981664059567828 0,004226559567828
-0,039999999999999 0,981568000000000 0,985983049667686 0,004415049667686
-0,029999999999999 0,985886500000000 0,990493039767538 0,004606539767538
-0,019999999999999 0,990396000000000 0,995197029867385 0,004801029867385
-0,009999999999999 0,995099500000000 1,000098019967226 0,004998519967226
