-1,00000 1,00000 0,99995 0,00005
-0,99000 0,99995 0,99980 0,00015
-0,98000 0,99980 0,99956 0,00024
-0,97000 0,99956 0,99923 0,00033
-0,96000 0,99923 0,99881 0,00042
-0,95000 0,99881 0,99831 0,00050
-0,94000 0,99831 0,99772 0,00059
-0,93000 0,99772 0,99706 0,00067
-0,92000 0,99706 0,99631 0,00074
-0,91000 0,99631 0,99550 0,00081
-0,90000 0,99550 0,99462 0,00088
-0,89000 0,99462 0,99366 0,00095
-0,88000 0,99366 0,99265 0,00102
-0,87000 0,99265 0,99157 0,00108
-0,86000 0,99157 0,99044 0,00113
-0,85000 0,99044 0,98925 0,00119
-0,84000 0,98925 0,98801 0,00124
-0,83000 0,98801 0,98672 0,00129
-0,82000 0,98672 0,98538 0,00134
-0,81000 0,98538 0,98400 0,00138
-0,80000 0,98400 0,98258 0,00142
-0,79000 0,98258 0,98112 0,00146
-0,78000 0,98112 0,97963 0,00149
-0,77000 0,97963 0,97811 0,00152
-0,76000 0,97811 0,97656 0,00155
-0,75000 0,97656 0,97499 0,00157
-0,74000 0,97499 0,97339 0,00160
-0,73000 0,97339 0,97178 0,00162
-0,72000 0,97178 0,97014 0,00163
-0,71000 0,97014 0,96850 0,00164
-0,70000 0,96850 0,96685 0,00165
-0,69000 0,96685 0,96518 0,00166
-0,68000 0,96518 0,96352 0,00167
-0,67000 0,96352 0,96185 0,00167
-0,66000 0,96185 0,96019 0,00166
-0,65000 0,96019 0,95853 0,00166
-0,64000 0,95853 0,95688 0,00165
-0,63000 0,95688 0,95524 0,00164
-0,62000 0,95524 0,95361 0,00163
-0,61000 0,95361 0,95200 0,00161
-0,60000 0,95200 0,95041 0,00159
-0,59000 0,95041 0,94884 0,00157
-0,58000 0,94884 0,94730 0,00154
-0,57000 0,94730 0,94579 0,00151
-0,56000 0,94579 0,94431 0,00148
-0,55000 0,94431 0,94287 0,00144
-0,54000 0,94287 0,94146 0,00141
-0,53000 0,94146 0,94010 0,00137
-0,52000 0,94010 0,93877 0,00132
-0,51000 0,93877 0,93750 0,00127
-0,50000 0,93750 0,93628 0,00122
-0,49000 0,93628 0,93510 0,00117
-0,48000 0,93510 0,93399 0,00112
-0,47000 0,93399 0,93293 0,00106
-0,46000 0,93293 0,93194 0,00099
-0,45000 0,93194 0,93101 0,00093
-0,44000 0,93101 0,93015 0,00086
-0,43000 0,93015 0,92936 0,00079
-0,42000 0,92936 0,92864 0,00072
-0,41000 0,92864 0,92800 0,00064
-0,40000 0,92800 0,92744 0,00056
-0,39000 0,92744 0,92696 0,00048
-0,38000 0,92696 0,92657 0,00039
-0,37000 0,92657 0,92627 0,00030
-0,36000 0,92627 0,92606 0,00021
-0,35000 0,92606 0,92595 0,00011
-0,34000 0,92595 0,92593 0,00002
-0,33000 0,92593 0,92602 0,00008
-0,32000 0,92602 0,92620 0,00019
-0,31000 0,92620 0,92650 0,00030
-0,30000 0,92650 0,92691 0,00041
-0,29000 0,92691 0,92742 0,00052
-0,28000 0,92742 0,92806 0,00063
-0,27000 0,92806 0,92881 0,00075
-0,26000 0,92881 0,92969 0,00088
-0,25000 0,92969 0,93069 0,00100
-0,24000 0,93069 0,93182 0,00113
-0,23000 0,93182 0,93308 0,00126
-0,22000 0,93308 0,93447 0,00139
-0,21000 0,93447 0,93600 0,00153
-0,20000 0,93600 0,93767 0,00167
-0,19000 0,93767 0,93948 0,00181
-0,18000 0,93948 0,94144 0,00196
-0,17000 0,94144 0,94355 0,00211
-0,16000 0,94355 0,94581 0,00226
-0,15000 0,94581 0,94823 0,00242
-0,14000 0,94823 0,95080 0,00257
-0,13000 0,95080 0,95354 0,00273
-0,12000 0,95354 0,95643 0,00290
-0,11000 0,95643 0,95950 0,00307
-0,10000 0,95950 0,96274 0,00324
-0,09000 0,96274 0,96614 0,00341
-0,08000 0,96614 0,96973 0,00358
-0,07000 0,96973 0,97349 0,00376
-0,06000 0,97349 0,97744 0,00395
-0,05000 0,97744 0,98157 0,00413
-0,04000 0,98157 0,98589 0,00432
-0,03000 0,98589 0,99040 0,00451
-0,02000 0,99040 0,99510 0,00470
-0,01000 0,99510 1,00000 0,00490
