0.000000000000000
0.010000000000000
0.020000000000000
0.030000000000000
0.040000000000000
0.050000000000000
0.060000000000000
0.070000000000000
0.080000000000000
0.090000000000000
0.100000000000000
0.110000000000000
0.120000000000000
0.130000000000000
0.140000000000000
0.150000000000000
0.160000000000000
0.170000000000000
0.180000000000000
0.190000000000000
0.200000000000000
0.210000000000000
0.220000000000000
0.230000000000000
0.240000000000000
0.250000000000000
0.260000000000000
0.270000000000000
0.280000000000000
0.290000000000000
0.300000000000000
0.310000000000000
0.320000000000000
0.330000000000000
0.340000000000000
0.350000000000000
0.360000000000000
0.370000000000000
0.380000000000000
0.390000000000000
0.400000000000000
0.410000000000000
0.420000000000000
0.430000000000000
0.440000000000000
0.450000000000000
0.460000000000000
0.470000000000000
0.480000000000000
0.490000000000000
0.500000000000000
0.510000000000000
0.520000000000000
0.530000000000000
0.540000000000000
0.550000000000000
0.560000000000000
0.570000000000000
0.580000000000000
0.590000000000000
0.600000000000000
0.610000000000000
0.620000000000000
0.630000000000000
0.640000000000000
0.650000000000000
0.660000000000000
0.670000000000000
0.680000000000000
0.690000000000000
0.700000000000000
0.710000000000000
0.720000000000000
0.730000000000000
0.740000000000000
0.750000000000000
0.760000000000000
0.770000000000000
0.780000000000000
0.790000000000000
0.800000000000000
0.810000000000000
0.820000000000001
0.830000000000001
0.840000000000001
0.850000000000001
0.860000000000001
0.870000000000001
0.880000000000001
0.890000000000001
0.900000000000001
0.910000000000001
0.920000000000001
0.930000000000001
0.940000000000001
0.950000000000001
0.960000000000001
0.970000000000001
0.980000000000001
0.990000000000001
1.000000000000001
1.010000000000001
1.020000000000001
1.030000000000001
1.040000000000001
1.050000000000001
1.060000000000001
1.070000000000001
1.080000000000001
1.090000000000001
1.100000000000001
1.110000000000001
1.120000000000001
1.130000000000001
1.140000000000001
1.150000000000001
1.160000000000001
1.170000000000001
1.180000000000001
1.190000000000001
1.200000000000001
1.210000000000001
1.220000000000001
1.230000000000001
1.240000000000001
1.250000000000001
1.260000000000001
1.270000000000001
1.280000000000001
1.290000000000001
1.300000000000001
1.310000000000001
1.320000000000001
1.330000000000001
1.340000000000001
1.350000000000001
1.360000000000001
1.370000000000001
1.380000000000001
1.390000000000001
1.400000000000001
1.410000000000001
1.420000000000001
1.430000000000001
1.440000000000001
1.450000000000001
1.460000000000001
1.470000000000001
1.480000000000001
1.490000000000001
1.500000000000001
1.510000000000001
1.520000000000001
1.530000000000001
1.540000000000001
1.550000000000001
1.560000000000001
1.570000000000001
1.580000000000001
1.590000000000001
1.600000000000001
1.610000000000001
1.620000000000001
1.630000000000001
1.640000000000001
1.650000000000001
1.660000000000001
1.670000000000001
1.680000000000001
1.690000000000001
1.700000000000001
1.710000000000001
1.720000000000001
1.730000000000001
1.740000000000001
1.750000000000001
1.760000000000001
1.770000000000001
1.780000000000001
1.790000000000001
1.800000000000001
1.810000000000001
1.820000000000001
1.830000000000001
1.840000000000001
1.850000000000001
1.860000000000001
1.870000000000001
1.880000000000001
1.890000000000001
1.900000000000001
1.910000000000001
1.920000000000001
1.930000000000001
1.940000000000002
1.950000000000002
1.960000000000002
1.970000000000002
1.980000000000002
1.990000000000002
2.000000000000001
2.010000000000001
2.020000000000001
2.030000000000001
2.040000000000000
2.050000000000000
2.060000000000000
2.070000000000000
2.080000000000000
2.089999999999999
2.099999999999999
2.109999999999999
2.119999999999999
2.129999999999999
2.139999999999998
2.149999999999998
2.159999999999998
2.169999999999998
2.179999999999997
2.189999999999997
2.199999999999997
2.209999999999997
2.219999999999997
2.229999999999996
2.239999999999996
2.249999999999996
2.259999999999996
2.26999999