0.000000000000000
0.005000000000000
0.010000000000000
0.015000000000000
0.020000000000000
0.025000000000000
0.030000000000000
0.035000000000000
0.040000000000000
0.045000000000000
0.050000000000000
0.055000000000000
0.060000000000000
0.065000000000000
0.070000000000000
0.075000000000000
0.080000000000000
0.085000000000000
0.090000000000000
0.095000000000000
0.100000000000000
0.105000000000000
0.110000000000000
0.115000000000000
0.120000000000000
0.125000000000000
0.130000000000000
0.135000000000000
0.140000000000000
0.145000000000000
0.150000000000000
0.155000000000000
0.160000000000000
0.165000000000000
0.170000000000000
0.175000000000000
0.180000000000000
0.185000000000000
0.190000000000000
0.195000000000000
0.200000000000000
0.205000000000000
0.210000000000000
0.215000000000000
0.220000000000000
0.225000000000000
0.230000000000000
0.235000000000000
0.240000000000000
0.245000000000000
0.250000000000000
0.255000000000000
0.260000000000000
0.265000000000000
0.270000000000000
0.275000000000000
0.280000000000000
0.285000000000000
0.290000000000000
0.295000000000000
0.300000000000000
0.305000000000000
0.310000000000000
0.315000000000000
0.320000000000000
0.325000000000000
0.330000000000000
0.335000000000000
0.340000000000000
0.345000000000000
0.350000000000000
0.355000000000000
0.360000000000000
0.365000000000000
0.370000000000000
0.375000000000000
0.380000000000000
0.385000000000000
0.390000000000000
0.395000000000000
0.400000000000000
0.405000000000000
0.410000000000000
0.415000000000000
0.420000000000000
0.425000000000000
0.430000000000000
0.435000000000000
0.440000000000000
0.445000000000000
0.450000000000000
0.455000000000000
0.460000000000000
0.465000000000000
0.470000000000000
0.475000000000000
0.480000000000000
0.485000000000000
0.490000000000000
0.495000000000000
0.500000000000000
0.505000000000000
0.510000000000000
0.515000000000000
0.520000000000000
0.525000000000000
0.530000000000000
0.535000000000000
0.540000000000000
0.545000000000000
0.550000000000000
0.555000000000000
0.560000000000000
0.565000000000000
0.570000000000000
0.575000000000000
0.580000000000000
0.585000000000000
0.590000000000000
0.595000000000000
0.600000000000000
0.605000000000000
0.610000000000000
0.615000000000000
0.620000000000000
0.625000000000000
0.630000000000000
0.635000000000000
0.640000000000000
0.645000000000000
0.650000000000000
0.655000000000000
0.660000000000000
0.665000000000000
0.670000000000000
0.675000000000000
0.680000000000000
0.685000000000000
0.690000000000001
0.695000000000001
0.700000000000001
0.705000000000001
0.710000000000001
0.715000000000001
0.720000000000001
0.725000000000001
0.730000000000001
0.735000000000001
0.740000000000001
0.745000000000001
0.750000000000001
0.755000000000001
0.760000000000001
0.765000000000001
0.770000000000001
0.775000000000001
0.780000000000001
0.785000000000001
0.790000000000001
0.795000000000001
0.800000000000001
0.805000000000001
0.810000000000001
0.815000000000001
0.820000000000001
0.825000000000001
0.830000000000001
0.835000000000001
0.840000000000001
0.845000000000001
0.850000000000001
0.855000000000001
0.860000000000001
0.865000000000001
0.870000000000001
0.875000000000001
0.880000000000001
0.885000000000001
0.890000000000001
0.895000000000001
0.900000000000001
0.905000000000001
0.910000000000001
0.915000000000001
0.920000000000001
0.925000000000001
0.930000000000001
0.935000000000001
0.940000000000001
0.945000000000001
0.950000000000001
0.955000000000001
0.960000000000001
0.965000000000001
0.970000000000001
0.975000000000001
0.980000000000001
0.985000000000001
0.990000000000001
0.995000000000001
1.000000000000001
1.005000000000001
1.010000000000000
1.015000000000000
1.020000000000000
1.025000000000000
1.030000000000000
1.035000000000000
1.040000000000000
1.045000000000000
1.050000000000000
1.054999999999999
1.059999999999999
1.064999999999999
1.069999999999999
1.074999999999999
1.079999999999999
1.084999999999999
1.089999999999999
1.094999999999999
1.099999999999999
1.104999999999998
1.109999999999998
1.114999999999998
1.119999999999998
1.124999999999998
1.129999999999998
1.134999999999998
1.139999999999998
1.144999999999998
1.149999999999997
1.154999999999997
1.159999999999997
1.164999999999997
1.169999999999997
1.174999999999997
1.179999999999997
1.184999999999997
1.189999999999997
1.194999999999997
1.199999999999996
1.204999999999996
1.209999999999996
1.214999999999996
1.219999999999996
1.224999999999996
1.229999999999996
1.234999999999996
1.239999999999996
1.244999999999995
1.249999999999995
1.254999999999995
1.259999999999995
1.264999999999995
1.269999999999995
1.274999999999995
1.279999999999995
1.284999999999995
1.289999999999994
1.294999999999994
1.299999999999994
1.304999999999994
1.309999999999994
1.314999999999994
1.319999999999994
1.324999999999994
1.329999999999994
1.334999999999994
1.339999999999993
1.344999999999993
1.349999999999993
1.354999999999993
1.359999999999993
1.364999999999993
1.369999999999993
1.374999999999993
1.379999999999993
1.384999999999992
1.389999999999992
1.394999999999992
1.399999999999992
1.404999999999992
1.409999999999992
1.414999999999992
1.419999999999992
1.424999999999992
1.429999999999992
1.434999999999991
1.439999999999991
1.444999999999991
1.449999999999991
1.454999999999991
1.459999999999991
1.464999999999991
1.469999999999991
1.474999999999991
1.479999999999990
1.484999999999990
1.489999999999990
1.494999999999990
1.499999999999990
1.504999999999990
1.509999999999990
1.514999999999990
1.519999999999990
1.524999999999989
1.529999999999989
1.534999999999989
1.539999999999989
1.544999999999989
1.549999999999989
1.554999999999989
1.559999999999989
1.564999999999989
1.569999999999989
1.574999999999988
1.579999999999988
1.584999999999988
1.589999999999988
1.594999999999988
1.599999999999988
1.604999999999988
1.609999999999988
1.614999999999988
1.619999999999987
1.624999999999987
1.629999999999987
1.634999999999987
1.639999999999987
1.644999999999987
1.649999999999987
1.654999999999987
1.659999999999987
1.664999999999986
1.669999999999986
1.674999999999986
1.679999999999986
1.684999999999986
1.689999999999986
1.694999999999986
1.699999999999986
1.704999999999986
1.709999999999986
1.714999999999985
1.719999999999985
1.724999999999985
1.729999999999985
1.734999999999985
1.739999999999985
1.744999999999985
1.749999999999985
1.754999999999985
1.759999999999984
1.764999999999984
1.769999999999984
1.774999999999984
1.779999999999984
1.784999999999984
1.789999999999984
1.794999999999984
1.799999999999984
1.804999999999984
1.809999999999983
1.814999999999983
1.819999999999983
1.824999999999983
1.829999999999983
1.834999999999983
1.839999999999983
1.844999999999983
1.849999999999983
1.854999999999982
1.859999999999982
1.864999999999982
1.869999999999982
1.874999999999982
1.879999999999982
1.884999999999982
1.889999999999982
1.894999999999982
1.899999999999981
1.904999999999981
1.909999999999981
1.914999999999981
1.919999999999981
1.924999999999981
1.929999999999981
1.934999999999981
1.939999999999981
1.944999999999981
1.949999999999980
1.954999999999980
1.959999999999980
1.964999999999980
1.969999999999980
1.974999999999980
1.979999999999980
1.984999999999980
1.989999999999980
1.994999999999979
1.999999999999979
2.004999999999979
2.009999999999979
2.014999999999979
2.019999999999979
2.024999999999979
2.029999999999979
2.034999999999979
2.039999999999979
2.044999999999979
2.049999999999979
2.054999999999978
2.059999999999978
2.064999999999978
2.069999999999978
2.074999999999978
2.079999999999978
2.084999999999978
2.089999999999978
2.094999999999978
2.099999999999977
2.104999999999977
2.109999999999977
2.114999999999977
2.119999999999977
2.124999999999977
2.129999999999977
2.134999999999977
2.139999999999977
2.144999999999976
2.149999999999976
2.154999999999976
2.159999999999976
2.164999999999976
2.169999999999976
2.174999999999976
2.179999999999976
2.184999999999976
2.189999999999976
2.194999999999975
2.199999999999975
2.204999999999975
2.209999999999975
2.214999999999975
2.219999999999975
2.224999999999975
2.229999999999975
2.234999999999975
2.239999999999974
2.244999999999974
2.249999999999974
2.254999999999974
2.259999999999974
2.264999999999974
2.269999999999974
2.