0.000000000000000 0.000000000000000 0.000000000000000
0.174532925199433 0.131309756054902 0.042338421612028
0.349065850398866 0.270163378256990 0.071856765068679
0.523598775598299 0.409628185047690 0.090371814952310
0.698131700797732 0.543448252700953 0.099339356985586
0.872664625997165 0.666033301167555 0.100011141951423
1.047197551196598 0.772469092437908 0.093556311346530
1.221730476396031 0.858548882182191 0.081143738603717
1.396263401595464 0.920819661865396 0.063988091146812
1.570796326794897 0.956634649396723 0.043365350603277
