0.000000000000000 0.000000000000000 0.000000000000000
0.015866629563585 0.015545356671823 0.000320607162985
0.031733259127170 0.031095810861608 0.000632122636460
0.047599888690754 0.046647256398352 0.000934659425390
0.063466518254339 0.062195591187867 0.001228328468698
0.079333147817924 0.077736718149998 0.001513238706791
0.095199777381509 0.093266546154766 0.001789497149416
0.111066406945094 0.108780990957299 0.002057208943712
0.126933036508679 0.124275976131400 0.002316477442350
0.142799666072263 0.139747434001635 0.002567404271650
0.158666295635848 0.155191306573773 0.002810089399577
0.174532925199433 0.170603546463432 0.003044631203498
0.190399554763018 0.185980117822788 0.003271126537623
0.206266184326603 0.201316997265166 0.003489670800024
0.222132813890187 0.216610174787375 0.003700357999165
0.237999443453772 0.231855654689596 0.003903280819831
0.253866073017357 0.247049456492674 0.004098530688405
0.269732702580942 0.262187615852620 0.004286197837415
0.285599332144527 0.277266185472169 0.004466371369261
0.301465961708111 0.292281236009186 0.004639139319088
0.317332591271696 0.307228856981764 0.004804588716723
0.333199220835281 0.322105157669804 0.004962805647618
0.349065850398866 0.336906268012904 0.005113875312764
0.364932479962451 0.351628339504362 0.005257882087510
0.380799109526036 0.366267546081088 0.005394909579239
0.396665739089620 0.380820085009248 0.005525040683881
0.412532368653205 0.395282177765420 0.005648357641193
0.428398998216790 0.409650070913084 0.005764942088802
0.444265627780375 0.423920036974223 0.005874875114949
0.460132257343960 0.438088375295845 0.005978237309929
0.475998886907544 0.452151412911221 0.006075108816190
0.491865516471129 0.466105505395620 0.006165569377063
0.507732146034714 0.479947037716352 0.006249698384116
0.523598775598299 0.493672425076898 0.006327574923102
0.539465405161884 0.507278113754916 0.006399277818490
0.555332034725469 0.520760581933931 0.006464885676571
0.571198664289053 0.534116340528480 0.006524476927118
0.587065293852638 0.547341934002507 0.006578129863603
0.602931923416223 0.560433941180811 0.006625922681960
0.618798552979808 0.573388976053311 0.006667933517888
0.634665182543393 0.586203688571948 0.006704240482693
0.650531812106977 0.598874765439991 0.006734921697676
0.666398441670562 0.611398930893547 0.006760055327058
0.682265071234147 0.623772947475070 0.006779719609453
0.698131700797732 0.635993616798650 0.006793992887890
0.713998330361317 0.648057780306892 0.006802953638393
0.729864959924901 0.659962320019162 0.006806680497129
0.745731589488486 0.671704159271008 0.006805252286125
0.761598219052071 0.683280263444539 0.006798748037573
0.777464848615656 0.694687640689583 0.006787247016739
0.793331478179241 0.705923342635394 0.006770828743469
0.809198107742826 0.716984465092738 0.006749573012332
0.825064737306410 0.727868148746133 0.006723559911400
0.840931366869995 0.738571579836079 0.006692869839676
0.856797996433580 0.749091990831050 0.006657583523208
0.872664625997165 0.759426661089091 0.006617782029887
0.888531255560750 0.769572917508804 0.006573546782953
0.904397885124334 0.779528135169549 0.006524959573239
0.920264514687919 0.789289737960678 0.006472102570154
0.936131144251504 0.798855199199614 0.006415058331445
0.951997773815089 0.808222042238588 0.006353909811747
0.967864403378674 0.817387841059885 0.006288740369947
0.983731032942258 0.826350220859387 0.006219633775384
0.999597662505843 0.835106858618272 0.006146674212909
1.015464292069428 0.843655483662686 0.006069946286829
1.031330921633013 0.851993878211224 0.005989535023753
1.047197551196598 0.860119877910066 0.005905525874373
1.063064180760183 0.868031372355589 0.005818004714196
1.078930810323767 0.875726305604321 0.005727057843261
1.094797439887352 0.883202676670071 0.005632771984852
1.110664069450937 0.890458540008083 0.005535234283253
1.126530699014522 0.897492005986077 0.005434532300544
1.142397328578107 0.904301241342025 0.005330754012494
1.158263958141691 0.910884469628522 0.005223987803547
1.174130587705276 0.917239971643629 0.005114322460953
1.189997217268861 0.923366085848025 0.005001847168048
1.205863846832446 0.929261208768379 0.004886651496728
1.221730476396031 0.934923795386775 0.004768825399133
1.237597105959616 0.940352359516102 0.004648459198567
1.253463735523200 0.945545474161260 0.004525643579686
1.269330365086785 0.950501771866094 0.004400469577979
1.285196994650370 0.955219945045929 0.004273028568568
1.301063624213955 0.959698746305592 0.004143412254350
1.316930253777540 0.963936988742842 0.004011712653514
1.332796883341124 0.967933546237079 0.003878022086463
1.348663512904709 0.971687353723255 0.003742433162152
1.364530142468294 0.975197407450891 0.003605038763888
1.380396772031879 0.978462765228101 0.003465932034605
1.396263401595464 0.981482546650558 0.003325206361650
1.412130031159049 0.984255933315294 0.003182955361100
1.427996660722633 0.986782169019290 0.003039272861643
1.443863290286218 0.989060559942752 0.002894252888043
1.459729919849803 0.991090474817031 0.002747989644223
1.475596549413388 0.992871345077095 0.002600577495989
1.491463178976973 0.994402664998521 0.002452110953422
1.507329808540557 0.995683991818923 0.002302684652961
1.523196438104142 0.996714945843789 0.002152393339219
1.539063067667727 0.997495210536651 0.002001331846534
1.554929697231312 0.998024532593571 0.001849595080304
1.570796326794897 0.998302722001880 0.001697277998120
