0.0000000000000000 0.0000000000000000 0.00613592315154256468 0.00000000000000000000
0.0061359231515426 -0.0009723247151456 0.00613592315154256468 0.00710820936430007176
0.0122718463030851 -0.0019013069128245 0.00613592315154256468 0.01417284519854440650
0.0184077694546277 -0.0027874421160572 0.00613592315154256468 0.02119417202186199903
0.0245436926061703 -0.0036312225692749 0.00613592315154256468 0.02817245109218723120
0.0306796157577128 -0.0044331372503180 0.00613592315154256468 0.03510794042695458000
0.0368155389092554 -0.0051936718826015 0.00613592315154256468 0.04200089482396030666
0.0429514620607980 -0.0059133089474438 0.00613592315154256468 0.04885156588238458164
0.0490873852123405 -0.0065925276965495 0.00613592315154256468 0.05566020202396751437
0.0552233083638831 -0.0072318041646427 0.00613592315154256468 0.06242704851433263785
0.0613592315154256 -0.0078316111822431 0.00613592315154256468 0.06915234748445167612
0.0674951546669682 -0.0083924183885800 0.00613592315154256468 0.07583633795224406504
0.0736310778185108 -0.0089146922446379 0.00613592315154256468 0.08247925584430536305
0.0797670009700533 -0.0093988960463281 0.00613592315154256468 0.08908133401775825133
0.0859029241215959 -0.0098454899377804 0.00613592315154256468 0.09564280228222032942
0.0920388472731385 -0.0102549309247498 0.00613592315154256468 0.10216388742188255156
0.0981747704246811 -0.0106276728881321 0.00613592315154256468 0.10864481321769275945
0.1043106935762236 -0.0109641665975837 0.00613592315154256468 0.11508580046963835797
0.1104466167277662 -0.0112648597252396 0.00613592315154256468 0.12148706701912270756
0.1165825398793088 -0.0115301968595245 0.00613592315154256468 0.12784882777142930754
0.1227184630308513 -0.0117606195190525 0.00613592315154256468 0.13417129471826877429
0.1288543861823939 -0.0119565661666096 0.00613592315154256468 0.14045467696040281336
0.1349903093339365 -0.0121184722232138 0.00613592315154256468 0.14669918073034005079
0.1411262324854791 -0.0122467700822492 0.00613592315154256468 0.15290500941509849175
0.1472621556370216 -0.0123418891236676 0.00613592315154256468 0.15907236357902948543
0.1533980787885642 -0.0124042557282545 0.00613592315154256468 0.16520144098669797827
0.1595340019401068 -0.0124342932919529 0.00613592315154256468 0.17129243662581442043
0.1656699250916494 -0.0124324222402429 0.00613592315154256468 0.17734554273021288506
0.1718058482431919 -0.0123990600425699 0.00613592315154256468 0.18336094880287126530
0.1779417713947345 -0.0123346212268193 0.00613592315154256468 0.18933884163896819164
0.1840776945462771 -0.0122395173938314 0.00613592315154256468 0.19527940534897242353
0.1902136176978196 -0.0121141572319537 0.00613592315154256468 0.20118282138176005192
0.1963495408493622 -0.0119589465316265 0.00613592315154256468 0.20704926854775487777
0.2024854640009048 -0.0117742881999957 0.00613592315154256468 0.21287892304208771987
0.2086213871524474 -0.0115605822755518 0.00613592315154256468 0.21867195846777046087
0.2147573103039899 -0.0113182259427884 0.00613592315154256468 0.22442854585887997421
0.2208932334555325 -0.0110476135468787 0.00613592315154256468 0.23014885370374862927
0.2270291566070751 -0.0107491366083636 0.00613592315154256468 0.23583304796815657278
0.2331650797586176 -0.0104231838378510 0.00613592315154256468 0.24148129211852226161
0.2393010029101602 -0.0100701411507193 0.00613592315154256468 0.24709374714508666737
0.2454369260617028 -0.0096903916818241 0.00613592315154256468 0.25267057158508815506
0.2515728492132454 -0.0092843158002033 0.00613592315154256468 0.25821192154592359502
0.2577087723647879 -0.0088522911237774 0.00613592315154256468 0.26371795072829212758
0.2638446955163304 -0.0083946925340425 0.00613592315154256468 0.26918881044931813884
0.2699806186678730 -0.0079118921907511 0.00613592315154256468 0.27462464966564964497
0.2761165418194155 -0.0074042595465797 0.00613592315154256468 0.28002561499652878219
0.2822524649709581 -0.0068721613617776 0.00613592315154256468 0.28539185074683076637
0.2883883881225006 -0.0063159617187964 0.00613592315154256468 0.29072349893006838029
0.2945243112740432 -0.0057360220368953 0.00613592315154256468 0.29602069929135771398
0.3006602344255857 -0.0051327010867202 0.00613592315154256468 0.30128358933034404821
0.3067961575771282 -0.0045063550048534 0.00613592315154256468 0.30651230432408144155
0.3129320807286708 -0.0038573373083318 0.00613592315154256468 0.31170697734986668737
0.3190680038802133 -0.0031859989091303 0.00613592315154256468 0.31686773930802170085
0.3252039270317559 -0.0024926881286070 0.00613592315154256468 0.32199471894462267096
0.3313398501832984 -0.0017777507119105 0.00613592315154256468 0.32708804287417336809
0.3374757733348410 -0.0010415298423426 0.00613592315154256468 0.33214783560221888825
0.3436116964863835 -0.0002843661556780 0.00613592315154256468 0.33717421954789794647
0.3497476196379261 0.0004934022455638 0.00613592315154256468 0.34216731506643044414
0.3558835427894686 0.0012914397778966 0.00613592315154256468 0.34712724047153781237
0.3620194659410111 0.0021094133626959 0.00613592315154256468 0.35205411205779429951
0.3681553890925537 0.0029469924120827 0.00613592315154256468 0.35694804412290526141
0.3742913122440962 0.0038038488148621 0.00613592315154256468 0.36180914898991156647
0.3804272353956388 0.0046796569225205 0.00613592315154256468 0.36663753702931684009
0.3865631585471813 0.0055740935352829 0.00613592315154256468 0.37143331668113510613
0.3926990816987239 0.0064868378882318 0.00613592315154256468 0.37619659447685771525
0.3988350048502664 0.0074175716374904 0.00613592315154256468 0.38092747506133561863
0.4049709280018089 0.0083659788464712 0.00613592315154256468 0.38562606121457665420
0.4111068511533515 0.0093317459721922 0.00613592315154256468 0.39029245387345434803
0.4172427743048940 0.0103145618516623 0.00613592315154256468 0.39492675215332723182
0.4233786974564366 0.0113141176883377 0.00613592315154256468 0.39952905336956584526
0.4295146206079791 0.0123301070386507 0.00613592315154256468 0.40409945305898614665
0.4356505437595217 0.0133622257986120 0.00613592315154256468 0.40863804500118733332
0.4417864669110642 0.0144101721904897 0.00613592315154256468 0.41314492123979196236
0.4479223900626068 0.0154736467495646 0.00613592315154256468 0.41762017210358687302
0.4540583132141493 0.0165523523109637 0.00613592315154256468 0.42206388622756352280
0.4601942363656918 0.0176459939965737 0.00613592315154256468 0.42647615057385507287
0.4663301595172344 0.0187542792020364 0.00613592315154256468 0.43085705045256972312
0.4724660826687769 0.0198769175838251 0.00613592315154256468 0.43520666954251829850
0.4786020058203195 0.0210136210464054 0.00613592315154256468 0.43952508991183414366
0.4847379289718620 0.0221641037294808 0.00613592315154256468 0.44381239203848488195
0.4908738521234046 0.0233280819953237 0.00613592315154256468 0.44806865483067342959
0.4970097752749471 0.0245052744161938 0.00613592315154256468 0.45229395564712782107
0.5031456984264897 0.0256954017618443 0.00613592315154256468 0.45648837031727790281
0.5092816215780323 0.0268981869871171 0.00613592315154256468 0.46065197316131828442
0.5154175447295748 0.0281133552196279 0.00613592315154256468 0.46478483701015560481
0.5215534678811173 0.0293406337475423 0.00613592315154256468 0.46888703322523894723
0.5276893910326599 0.0305797520074437 0.00613592315154256468 0.47295863171827323690
0.5338253141842024 0.0318304415722932 0.00613592315154256468 0.47699970097081323406
0.5399612373357450 0.0330924361394837 0.00613592315154256468 0.48101030805373734545
0.5460971604872875 0.0343654715189875 0.00613592315154256468 0.48499051864660147615
0.5522330836388301 0.0356492856215988 0.00613592315154256468 0.48894039705686953567
0.5583690067903726 0.0369436184472718 0.00613592315154256468 0.49286000623902215256
0.5645049299419151 0.0382482120735551 0.00613592315154256468 0.49674940781354137709
0.5706408530934577 0.0395628106441226 0.00613592315154256468 0.50060866208576959568
0.5767767762450002 0.0408871603574018 0.00613592315154256468 0.50443782806464387836
0.5829126993965428 0.0422210094553000 0.00613592315154256468 0.50823696348130409373
0.5890486225480853 0.0435641082120286 0.00613592315154256468 0.51200612480757290434
0.5951845456996279 0.0449162089230271 0.00613592315154256468 0.51574536727430819738
0.6013204688511704 0.0462770658939849 0.00613592315154256468 0.51945474488962750659
0.6074563920027130 0.0476464354299645 0.00613592315154256468 0.52313431045700198307
0.6135923151542555 0.0490240758246234 0.00613592315154256468 0.52678411559322102509
0.6197282383057980 0.0504097473495372 0.00613592315154256468 0.53040421074622656761
0.6258641614573406 0.0518032122436229 0.00613592315154256468 0.53399464521281503337
0.6320000846088831 0.0532042347026640 0.00613592315154256468 0.53755546715620938780
0.6381360077604257 0.0546125808689361 0.00613592315154256468 0.54108672362349641283
0.6442719309119682 0.0560280188209342 0.00613592315154256468 0.54458846056293386262
0.6504078540635108 0.0574503185632026 0.00613592315154256468 0.54806072284112206106
0.6565437772150533 0.0588792520162652 0.00613592315154256468 0.55150355426004338266
0.6626797003665958 0.0603145930066594 0.00613592315154256468 0.55491699757396650838
0.6688156235181384 0.0617561172570710 0.00613592315154256468 0.55830109450621723255
0.6749515466696809 0.0632036023765726 0.00613592315154256468 0.56165588576581293445
0.6810874698212235 0.0646568278509632 0.00613592315154256468 0.56498141106396293498
0.6872233929727660 0.0661155750332114 0.00613592315154256468 0.56827770913043307299
0.6933593161243086 0.0675796271340003 0.00613592315154256468 0.57154481772977439036
0.6994952392758511 0.0690487692123756 0.00613592315154256468 0.57478277367741492654
0.7056311624273937 0.0705227881664955 0.00613592315154256468 0.57799161285561595491
0.7117670855789362 0.0720014727244839 0.00613592315154256468 0.58117137022929188372
0.7179030087304787 0.0734846134353858 0.00613592315154256468 0.58432207986169182323
0.7240389318820213 0.0749720026602248 0.00613592315154256468 0.58744377492994592771
0.7301748550335638 0.0764634345631635 0.00613592315154256468 0.59053648774047295955
0.7363107781851064 0.0779587051027656 0.00613592315154256468 0.59360024974425174005
0.7424467013366489 0.0794576120233606 0.00613592315154256468 0.59663509155195426636
0.7485826244881915 0.0809599548465105 0.00613592315154256468 0.59964104294894149394
0.7547185476397340 0.0824655348625778 0.00613592315154256468 0.60261813291012145122
0.7608544707912765 0.0839741551223959 0.00613592315154256468 0.60556638961466990878
0.7669903939428191 0.0854856204290406 0.00613592315154256468 0.60848584046061227060
0.7731263170943616 0.0869997373297031 0.00613592315154256468 0.61137651207926857477
0.7792622402459042 0.0885163141076637 0.00613592315154256468 0.61423843034956049358
0.7853981633974467 0.0900351607743673 0.00613592315154256468 0.61707162041217911153
0.7915340865489893 0.0915560890615983 0.00613592315154256468 0.61987610668361703414
0.7976700097005318 0.0930789124137573 0.00613592315154256468 0.62265191287006027565
0.8038059328520744 0.0946034459802366 0.00613592315154256468 0.62539906198114381120
0.8099418560036169 0.0961295066078965 0.00613592315154256468 0.62811757634356923941
0.8160777791551594 0.0976569128336409 0.00613592315154256468 0.63080747761458322298
0.8222137023067020 0.0991854848770917 0.00613592315154256468 0.63346878679531992695
0.8283496254582445 0.1007150446333634 0.00613592315154256468 0.63610152424400534521
0.8344855486097871 0.1022454156659345 0.00613592315154256468 0.63870570968902329323
0.8406214717613296 0.1037764231996195 0.00613592315154256468 0.64128136224184517644
0.8467573949128722 0.1053078941136366 0.00613592315154256468 0.64382850040982153583
0.8528933180644147 0.1068396569347747 0.00613592315154256468 0.64634714210883659202
0.8590292412159573 0.1083715418306569 0.00613592315154256468 0.64883730467582645396
0.8651651643674998 0.1099033806031011 0.00613592315154256468 0.65129900488115943791
0.8713010875190423 0.1114350066815774 0.00613592315154256468 0.65373225894088038412
0.8774370106705849 0.1129662551167611 0.00613592315154256468 0.65613708252881741689
0.8835729338221274 0.1144969625741819 0.00613592315154256468 0.65851349078855381247
0.8897088569736700 0.1160269673279686 0.00613592315154256468 0.66086149834526264346
0.8958447801252125 0.1175561092546881 0.00613592315154256468 0.66318111931740519882
0.9019807032767551 0.1190842298272801 0.00613592315154256468 0.66547236732829384565
0.9081166264282976 0.1206111721090848 0.00613592315154256468 0.66773525551752022089
0.9142525495798401 0.1221367807479651 0.00613592315154256468 0.66996979655224597749
0.9203884727313827 0.1236609019705221 0.00613592315154256468 0.67217600263836030372
0.9265243958829252 0.1251833835764027 0.00613592315154256468 0.67435388553150110713
0.9326603190344678 0.1267040749327011 0.00613592315154256468 0.67650345654794241668
0.9387962421860103 0.1282228269684512 0.00613592315154256468 0.67862472657534678167
0.9449321653375529 0.1297394921692105 0.00613592315154256468 0.68071770608338300068
0.9510680884890954 0.1312539245717367 0.00613592315154256468 0.68278240513421040170
0.9572040116406380 0.1327659797587525 0.00613592315154256468 0.68481883339283000645
0.9633399347921805 0.1342755148538037 0.00613592315154256468 0.68682700013729980348
0.9694758579437230 0.1357823885162040 0.00613592315154256468 0.68880691426882001416
0.9756117810952656 0.1372864609360719 0.00613592315154256468 0.69075858432168257828
0.9817477042468081 0.1387875938294548 0.00613592315154256468 0.69268201847308930041
0.9878836273983507 0.1402856504335419 0.00613592315154256468 0.69457722455283688046
0.9940195505498932 0.1417804955019659 0.00613592315154256468 0.69644421005287082682
1.0001554737014358 0.1432719953001914 0.00613592315154256468 0.69828298213670580985
1.0062913968529783 0.1447600176009903 0.00613592315154256468 0.70009354764871556398
1.0124273200045208 0.1462444316800048 0.00613592315154256468 0.70187591312329122850
1.0185632431560634 0.1477251083113958 0.00613592315154256468 0.70363008479386801586
1.0246991663076059 0.1492019197635771 0.00613592315154256468 0.70535606860182220590
1.0308350894591485 0.1506747397950352 0.00613592315154256468 0.70705387020523557950
1.0369710126106910 0.1521434436502335 0.00613592315154256468 0.70872349498753250963
1.0431069357622336 0.1536079080556014 0.00613592315154256468 0.71036494806598404761
1.0492428589137761 0.1550680112156066 0.00613592315154256468 0.71197823430008477796
1.0553787820653187 0.1565236328089118 0.00613592315154256468 0.71356335829979833374
1.0615147052168612 0.1579746539846132 0.00613592315154256468 0.71512032443367568035
1.0676506283684037 0.1594209573585625 0.00613592315154256468 0.71664913683684283718
1.0737865515199463 0.1608624270097713 0.00613592315154256468 0.71814979941886103454
1.0799224746714888 0.1622989484768954 0.00613592315154256468 0.71962231587145852885
1.0860583978230314 0.1637304087548024 0.00613592315154256468 0.72106668967613418708
1.0921943209745739 0.1651566962912191 0.00613592315154256468 0.72248292411163361759
1.0983302441261165 0.1665777009834590 0.00613592315154256468 0.72387102226129762528
1.1044661672776590 0.1679933141752300 0.00613592315154256468 0.72523098702028410134
1.1106020904292015 0.1694034286535223 0.00613592315154256468 0.72656282110266179330
1.1167380135807441 0.1708079386455735 0.00613592315154256468 0.72786652704837906391
1.1228739367322866 0.1722067398159147 0.00613592315154256468 0.72914210723010608461
1.1290098598838292 0.1735997292634928 0.00613592315154256468 0.73038956385994924236
1.1351457830353717 0.1749868055188717 0.00613592315154256468 0.73160889899604253372
1.1412817061869143 0.1763678685415104 0.00613592315154256468 0.73280011454901083923
1.1474176293384568 0.1777428197171183 0.00613592315154256468 0.73396321228831040706
1.1535535524899994 0.1791115618550872 0.00613592315154256468 0.73509819384844232726
1.1596894756415419 0.1804739991859989 0.00613592315154256468 0.73620506073504266009
1.1658253987930844 0.1818300373592092 0.00613592315154256468 0.73728381433084755336
1.1719613219446270 0.1831795834405069 0.00613592315154256468 0.73833445590153390370
1.1780972450961695 0.1845225459098480 0.00613592315154256468 0.73935698660143756022
1.1842331682477121 0.1858588346591644 0.00613592315154256468 0.74035140747914585102
1.1903690913992546 0.1871883609902468 0.00613592315154256468 0.74131771948296765196
1.1965050145507972 0.1885110376127016 0.00613592315154256468 0.74225592346628099794
1.2026409377023397 0.1898267786419816 0.00613592315154256468 0.74316602019275623814
1.2087768608538823 0.1911354995974891 0.00613592315154256468 0.74404801034145739980
1.2149127840054248 0.1924371174007523 0.00613592315154256468 0.74490189451182153846
1.2210487071569673 0.1937315503736742 0.00613592315154256468 0.74572767322851463145
1.2271846303085099 0.1950187182368538 0.00613592315154256468 0.74652534694616590194
1.2333205534600524 0.1962985421079783 0.00613592315154256468 0.74729491605398101761
1.2394564766115950 0.1975709445002879 0.00613592315154256468 0.74803638088023238772
1.2455923997631375 0.1988358493211105 0.00613592315154256468 0.74874974169662955603
1.2517283229146801 0.2000931818704682 0.00613592315154256468 0.74943499872256746919
1.2578642460662226 0.2013428688397542 0.00613592315154256468 0.75009215212925317573
1.2640001692177651 0.2025848383104792 0.00613592315154256468 0.75072120204371373120
1.2701360923693077 0.2038190197530885 0.00613592315154256468 0.75132214855268131259
1.2762720155208502 0.2050453440258490 0.00613592315154256468 0.75189499170635898384
1.2824079386723928 0.2062637433738042 0.00613592315154256468 0.75243973152206644617
1.2885438618239353 0.2074741514277995 0.00613592315154256468 0.75295636798776532927
1.2946797849754779 0.2086765032035765 0.00613592315154256468 0.75344490106546424535
1.3008157081270204 0.2098707351009346 0.00613592315154256468 0.75390533069450438308
1.3069516312785630 0.2110567849029621 0.00613592315154256468 0.75433765679472641885
1.3130875544301055 0.2122345917753352 0.00613592315154256468 0.75474187926951608052
1.3192234775816480 0.2134040962656840 0.00613592315154256468 0.75511799800873258270
1.3253594007331906 0.2145652403030273 0.00613592315154256468 0.75546601289151582570
1.3314953238847331 0.2157179671972745 0.00613592315154256468 0.75578592378897646586
1.3376312470362757 0.2168622216387937 0.00613592315154256468 0.75607773056676563783
1.3437671701878182 0.2179979496980482 0.00613592315154256468 0.75634143308752688206
1.3499030933393608 0.2191250988252989 0.00613592315154256468 0.75657703121322894546
1.3560390164909033 0.2202436178503736 0.00613592315154256468 0.75678452480738012120
1.3621749396424458 0.2213534569825028 0.00613592315154256468 0.75696391373712401673
1.3683108627939884 0.2224545678102219 0.00613592315154256468 0.75711519787521797120
1.3744467859455309 0.2235469033013387 0.00613592315154256468 0.75723837710189101369
1.3805827090970735 0.2246304178029679 0.00613592315154256468 0.75733345130658658029
1.3867186322486160 0.2257050670416310 0.00613592315154256468 0.75740042038958466097
1.3928545554001586 0.2267708081234214 0.00613592315154256468 0.75743928426350715100
1.3989904785517011 0.2278275995342358 0.00613592315154256468 0.75745004285470485250
1.4051264017032437 0.2288754011400709 0.00613592315154256468 0.75743269610452701457
1.4112623248547862 0.2299141741873846 0.00613592315154256468 0.75738724397047318959
1.4173982480063287 0.2309438813035231 0.00613592315154256468 0.75731368642722585172
1.4235341711578713 0.2319644864972138 0.00613592315154256468 0.75721202346756666390
1.4296700943094138 0.2329759551591217 0.00613592315154256468 0.75708225510317483931
1.4358060174609564 0.2339782540624715 0.00613592315154256468 0.75692438136530815207
1.4419419406124989 0.2349713513637352 0.00613592315154256468 0.75673840230536393303
1.4480778637640415 0.2359552166033833 0.00613592315154256468 0.75652431799532626755
1.4542137869155840 0.2369298207067019 0.00613592315154256468 0.75628212852809217903
1.4603497100671265 0.2378951359846739 0.00613592315154256468 0.75601183401768168313
1.4664856332186691 0.2388511361349252 0.00613592315154256468 0.75571343459932982523
1.4726215563702116 0.2397977962427355 0.00613592315154256468 0.75538693042946103429
1.4787574795217542 0.2407350927821133 0.00613592315154256468 0.75503232168554623716
1.4848934026732967 0.2416630036169370 0.00613592315154256468 0.75464960856584062387
1.4910293258248393 0.2425815080021592 0.00613592315154256468 0.75423879128900628288
1.4971652489763818 0.2434905865850761 0.00613592315154256468 0.75379987009361371086
1.5033011721279244 0.2443902214066622 0.00613592315154256468 0.75333284523752908068
1.5094370952794669 0.2452803959029693 0.00613592315154256468 0.75283771699717960679
1.5155730184310094 0.2461610949065900 0.00613592315154256468 0.75231448566670455769
1.5217089415825520 0.2470323046481868 0.00613592315154256468 0.75176315155698536508
1.5278448647340945 0.2478940127580856 0.00613592315154256468 0.75118371499455971474
1.5339807878856371 0.2487462082679344 0.00613592315154256468 0.75057617632041484512
1.5401167110371796 0.2495888816124273 0.00613592315154256468 0.74994053588866571580
1.5462526341887222 0.2504220246310926 0.00613592315154256468 0.74927679406511149551
1.5523885573402647 0.2512456305701479 0.00613592315154256468 0.74858495122567547675
1.5585244804918073 0.2520596940844188 0.00613592315154256468 0.74786500775472575242
1.5646604036433498 0.2528642112393245 0.00613592315154256468 0.74711696404327665455
1.5707963267948923 0.2536591795129282 0.00613592315154256468 0.74634082048707184320
1.5769322499464349 0.2544445977980536 0.00613592315154256468 0.74553657748454760235
1.5830681730979774 0.2552204664044673 0.00613592315154256468 0.74470423543467734184
1.5892040962495200 0.2559867870611268 0.00613592315154256468 0.74384379473469675048
1.5953400194010625 0.2567435629184956 0.00613592315154256468 0.74295525577770882286
1.6014759425526051 0.2574907985509238 0.00613592315154256468 0.74203861895016953731
1.6076118657041476 0.2582284999590961 0.00613592315154256468 0.74109388462925362973
1.6137477888556901 0.2589566745725458 0.00613592315154256468 0.74012105318009979715
1.6198837120072327 0.2596753312522366 0.00613592315154256468 0.73912012495293599734
1.6260196351587752 0.2603844802932107 0.00613592315154256468 0.73809110028008428905
1.6321555583103178 0.2610841334273055 0.00613592315154256468 0.73703397947284399194
1.6382914814618603 0.2617743038259366 0.00613592315154256468 0.73594876281825527542
1.6444274046134029 0.2624550061029497 0.00613592315154256468 0.73483545057574084503
1.6505633277649454 0.2631262563175405 0.00613592315154256468 0.73369404297362561529
1.6566992509164880 0.2637880719772425 0.00613592315154256468 0.73252454020553603442
1.6628351740680305 0.2644404720409840 0.00613592315154256468 0.73132694242667628526
1.6689710972195730 0.2650834769222140 0.00613592315154256468 0.73010124974998336089
1.6751070203711156 0.2657171084920973 0.00613592315154256468 0.72884746224215857247
1.6812429435226581 0.2663413900827790 0.00613592315154256468 0.72756557991957748754
1.6873788666742007 0.2669563464907188 0.00613592315154256468 0.72625560274407630068
1.6935147898257432 0.2675620039800958 0.00613592315154256468 0.72491753061861463614
1.6996507129772858 0.2681583902862841 0.00613592315154256468 0.72355136338281589303
1.7057866361288283 0.2687455346193983 0.00613592315154256468 0.72215710080838235729
1.7119225592803708 0.2693234676679106 0.00613592315154256468 0.72073474259438718992
1.7180584824319134 0.2698922216023401 0.00613592315154256468 0.71928428836244162614
1.7241944055834559 0.2704518300790127 0.00613592315154256468 0.71780573765173749656
1.7303303287349985 0.2710023282438950 0.00613592315154256468 0.71629908991396407103
1.7364662518865410 0.2715437527364987 0.00613592315154256468 0.71476434450810077958
1.7426021750380836 0.2720761416938604 0.00613592315154256468 0.71320150069508181367
1.7487380981896261 0.2725995347545926 0.00613592315154256468 0.71161055763233727056
1.7548740213411687 0.2731139730630107 0.00613592315154256468 0.70999151436820651107
1.7610099444927112 0.2736194992733323 0.00613592315154256468 0.70834436983622395267
1.7671458676442537 0.2741161575539525 0.00613592315154256468 0.70666912284927896337
1.7732817907957963 0.2746039935917940 0.00613592315154256468 0.70496577209364752470
1.7794177139473388 0.2750830545967329 0.00613592315154256468 0.70323431612289577508
1.7855536370988814 0.2755533893060998 0.00613592315154256468 0.70147475335165554444
1.7916895602504239 0.2760150479892586 0.00613592315154256468 0.69968708204927110295
1.7978254834019665 0.2764680824522611 0.00613592315154256468 0.69787130033331590262
1.8039614065535090 0.2769125460425800 0.00613592315154256468 0.69602740616298131027
1.8100973297050515 0.2773484936539191 0.00613592315154256468 0.69415539733233400099
1.8162332528565941 0.2777759817311024 0.00613592315154256468 0.69225527146344290053
1.8223691760081366 0.2781950682750420 0.00613592315154256468 0.69032702599937656451
1.8285050991596792 0.2786058128477854 0.00613592315154256468 0.68837065819706810821
1.8346410223112217 0.2790082765776423 0.00613592315154256468 0.68638616512004846371
1.8407769454627643 0.2794025221643932 0.00613592315154256468 0.68437354363104807575
1.8469128686143068 0.2797886138845774 0.00613592315154256468 0.68233279038446559284
1.8530487917658494 0.2801666175968639 0.00613592315154256468 0.68026390181870333151
1.8591847149173919 0.2805366007475034 0.00613592315154256468 0.67816687414836962500
1.8653206380689344 0.2808986323758640 0.00613592315154256468 0.67604170335634639066
1.8714565612204770 0.2812527831200490 0.00613592315154256468 0.67388838518572335978
1.8775924843720195 0.2815991252225997 0.00613592315154256468 0.67170691513159574981
1.8837284075235621 0.2819377325362812 0.00613592315154256468 0.66949728843272882095
1.8898643306751046 0.2822686805299552 0.00613592315154256468 0.66725950006308321072
1.8960002538266472 0.2825920462945358 0.00613592315154256468 0.66499354472320704179
1.9021361769781897 0.2829079085490344 0.00613592315154256468 0.66269941683148869682
1.9082721001297323 0.2832163476466882 0.00613592315154256468 0.66037711051527392403
1.9144080232812748 0.2835174455811795 0.00613592315154256468 0.65802661960184305467
1.9205439464328173 0.2838112859929401 0.00613592315154256468 0.65564793760925166310
1.9266798695843599 0.2840979541755462 0.00613592315154256468 0.65324105773703067257
1.9328157927359024 0.2843775370822016 0.00613592315154256468 0.65080597285674790520
1.9389517158874450 0.2846501233323120 0.00613592315154256468 0.64834267550242885569
1.9450876390389875 0.2849158032181485 0.00613592315154256468 0.64585115786083724387
1.9512235621905301 0.2851746687116034 0.00613592315154256468 0.64333141176161423580
1.9573594853420726 0.2854268134710371 0.00613592315154256468 0.64078342866727644456
1.9634954084936151 0.2856723328482187 0.00613592315154256468 0.63820719966307026816
1.9696313316451577 0.2859113238953585 0.00613592315154256468 0.63560271544668567323
1.9757672547967002 0.2861438853722357 0.00613592315154256468 0.63296996631782431741
1.9819031779482428 0.2863701177534195 0.00613592315154256468 0.63030894216762545224
1.9880391010997853 0.2865901232355868 0.00613592315154256468 0.62761963246794616467
1.9941750242513279 0.2868040057449349 0.00613592315154256468 0.62490202626049740076
2.0003109474028706 0.2870118709446909 0.00613592315154256468 0.62215611214583377286
2.0064468705544134 0.2872138262427194 0.00613592315154256468 0.61938187827219826076
2.0125827937059562 0.2874099807992273 0.00613592315154256468 0.61657931232421825385
2.0187187168574989 0.2876004455345679 0.00613592315154256468 0.61374840151145626521
2.0248546400090417 0.2877853331371445 0.00613592315154256468 0.61088913255681132064
2.0309905631605845 0.2879647580714141 0.00613592315154256468 0.60800149168477313211
2.0371264863121272 0.2881388365859922 0.00613592315154256468 0.60508546460952505885
2.0432624094636700 0.2883076867218589 0.00613592315154256468 0.60214103652290085211
2.0493983326152128 0.2884714283206684 0.00613592315154256468 0.59916819208218741188
2.0555342557667555 0.2886301830331602 0.00613592315154256468 0.59616691539777932896
2.0616701789182983 0.2887840743276755 0.00613592315154256468 0.59313719002068121533
2.0678061020698411 0.2889332274987774 0.00613592315154256468 0.59007899892985771206
2.0739420252213838 0.2890777696759766 0.00613592315154256468 0.58699232451943150757
2.0800779483729266 0.2892178298325637 0.00613592315154256468 0.58387714858572792309
2.0862138715244694 0.2893535387945472 0.00613592315154256468 0.58073345231416562129
2.0923497946760121 0.2894850292497005 0.00613592315154256468 0.57756121626599332686
2.0984857178275549 0.2896124357567161 0.00613592315154256468 0.57436042036487178208
2.1046216409790977 0.2897358947544693 0.00613592315154256468 0.57113104388329904992
2.1107575641306404 0.2898555445713915 0.00613592315154256468 0.56787306542888149608
2.1168934872821832 0.2899715254349542 0.00613592315154256468 0.56458646293044711939
2.1230294104337259 0.2900839794812646 0.00613592315154256468 0.56127121362400134164
2.1291653335852687 0.2901930507647723 0.00613592315154256468 0.55792729403852558967
2.1353012567368115 0.2902988852680896 0.00613592315154256468 0.55455467998161811494
2.1414371798883542 0.2904016309119254 0.00613592315154256468 0.55115334652497349754
2.1475731030398970 0.2905014375651324 0.00613592315154256468 0.54772326798970594197
2.1537090261914398 0.2905984570548701 0.00613592315154256468 0.54426441793151025816
2.1598449493429825 0.2906928431768834 0.00613592315154256468 0.54077676912566208234
2.1659808724945253 0.2907847517058976 0.00613592315154256468 0.53726029355185822567
2.1721167956460681 0.2908743404061305 0.00613592315154256468 0.53371496237889459735
2.1782527187976108 0.2909617690419225 0.00613592315154256468 0.53014074594918203509
2.1843886419491536 0.2910471993884850 0.00613592315154256468 0.52653761376309837772
2.1905245651006964 0.2911307952427691 0.00613592315154256468 0.52290553446317888930
2.1966604882522391 0.2912127224344533 0.00613592315154256468 0.51924447581814092700
2.2027964114037819 0.2912931488370524 0.00613592315154256468 0.51555440470674618325
2.2089323345553247 0.2913722443791484 0.00613592315154256468 0.51183528710149572838
2.2150682577068674 0.2914501810557429 0.00613592315154256468 0.50808708805216129534
2.2212041808584102 0.2915271329397323 0.00613592315154256468 0.50430977166915014198
2.2273401040099530 0.2916032761935075 0.00613592315154256468 0.50050330110670371297
2.2334760271614957 0.2916787890806771 0.00613592315154256468 0.49666763854592788086
2.2396119503130385 0.2917538519779155 0.00613592315154256468 0.49280274517765826348
2.2457478734645813 0.2918286473869371 0.00613592315154256468 0.48890858118515578834
2.2518837966161240 0.2919033599465964 0.00613592315154256468 0.48498510572663433571
2.2580197197676668 0.2919781764451154 0.00613592315154256468 0.48103227691761968332
2.2641556429192096 0.2920532858324376 0.00613592315154256468 0.47705005181314008578
2.2702915660707523 0.2921288792327118 0.00613592315154256468 0.47303838638974504693
2.2764274892222951 0.2922051499569032 0.00613592315154256468 0.46899723552735639309
2.2825634123738379 0.2922822935155346 0.00613592315154256468 0.46492655299094748367
2.2886993355253806 0.2923605076315579 0.00613592315154256468 0.46082629141205200263
2.2948352586769234 0.2924399922533553 0.00613592315154256468 0.45669640227010127598
2.3009711818284662 0.2925209495678729 0.00613592315154256468 0.45253683587359011531
2.3071071049800089 0.2926035840138852 0.00613592315154256468 0.44834754134107090984
2.3132430281315517 0.2926881022953919 0.00613592315154256468 0.44412846658197480121
2.3193789512830945 0.2927747133951481 0.00613592315154256468 0.43987955827726138436
2.3255148744346372 0.2928636285883278 0.00613592315154256468 0.43560076185989382580
2.3316507975861800 0.2929550614563204 0.00613592315154256468 0.43129202149514278553
2.3377867207377228 0.2930492279006628 0.00613592315154256468 0.42695328006071492366
2.3439226438892655 0.2931463461571058 0.00613592315154256468 0.42258447912670887847
2.3500585670408083 0.2932466368098155 0.00613592315154256468 0.41818555893539682833
2.3561944901923511 0.2933503228057108 0.00613592315154256468 0.41375645838083241479
2.3623304133438938 0.2934576294689376 0.00613592315154256468 0.40929711498828319494
2.3684663364954366 0.2935687845154784 0.00613592315154256468 0.40480746489348978789
2.3746022596469794 0.2936840180678998 0.00613592315154256468 0.40028744282174932856
2.3807381827985221 0.2938035626702372 0.00613592315154256468 0.39573698206682472733
2.3868741059500649 0.2939276533030170 0.00613592315154256468 0.39115601446967812604
2.3930100291016076 0.2940565273984169 0.00613592315154256468 0.38654447039703077049
2.3991459522531504 0.2941904248555646 0.00613592315154256468 0.38190227871974574692
2.4052818754046932 0.2943295880559751 0.00613592315154256468 0.37722936679103757918
2.4114177985562359 0.2944742618791263 0.00613592315154256468 0.37252566042450524497
2.4175537217077787 0.2946246937181753 0.00613592315154256468 0.36779108387199033192
2.4236896448593215 0.2947811334958120 0.00613592315154256468 0.36302555980126044455
2.4298255680108642 0.2949438336802532 0.00613592315154256468 0.35822900927351708500
2.4359614911624070 0.2951130493013771 0.00613592315154256468 0.35340135172072867364
2.4420974143139498 0.2952890379669960 0.00613592315154256468 0.34854250492278865403
2.4482333374654925 0.2954720598792699 0.00613592315154256468 0.34365238498449879323
2.4543692606170353 0.2956623778512602 0.00613592315154256468 0.33873090631237806614
2.4605051837685781 0.2958602573236226 0.00613592315154256468 0.33377798159129701272
2.4666411069201208 0.2960659663814411 0.00613592315154256468 0.32879352176093767923
2.4727770300716636 0.2962797757712006 0.00613592315154256468 0.32377743599208075320
2.4789129532232064 0.2965019589179012 0.00613592315154256468 0.31872963166271767177
2.4850488763747491 0.2967327919423108 0.00613592315154256468 0.31365001433399047892
2.4911847995262919 0.2969725536783589 0.00613592315154256468 0.30853848772595821037
2.4973207226778347 0.2972215256906686 0.00613592315154256468 0.30339495369319169349
2.5034566458293774 0.2974799922922293 0.00613592315154256468 0.29821931220019531894
2.5095925689809202 0.2977482405622078 0.00613592315154256468 0.29301146129665750495
2.5157284921324630 0.2980265603638989 0.00613592315154256468 0.28777129709253079781
2.5218644152840057 0.2983152443628144 0.00613592315154256468 0.28249871373294072052
2.5280003384355485 0.2986145880449106 0.00613592315154256468 0.27719360337292509033
2.5341362615870913 0.2989248897349537 0.00613592315154256468 0.27185585615200380527
2.5402721847386340 0.2992464506150228 0.00613592315154256468 0.26648536016858032083
2.5464081078901768 0.2995795747431502 0.00613592315154256468 0.26108200145417564952
2.5525440310417196 0.2999245690720977 0.00613592315154256468 0.25564566394749399514
2.5586799541932623 0.3002817434682701 0.00613592315154256468 0.25017622946832401842
2.5648158773448051 0.3006514107307633 0.00613592315154256468 0.24467357769127229261
2.5709518004963479 0.3010338866105473 0.00613592315154256468 0.23913758611933444431
2.5770877236478906 0.3014294898297841 0.00613592315154256468 0.23356813005730187038
2.5832236467994334 0.3018385421012784 0.00613592315154256468 0.22796508258500480792
2.5893595699509762 0.3022613681480613 0.00613592315154256468 0.22232831453039586522
2.5954954931025189 0.3026982957231061 0.00613592315154256468 0.21665769444247151565
2.6016314162540617 0.3031496556291747 0.00613592315154256468 0.21095308856403482967
2.6077673394056045 0.3036157817387942 0.00613592315154256468 0.20521436080430049964
2.6139032625571472 0.3040970110143629 0.00613592315154256468 0.19944137271134204648
2.6200391857086900 0.3045936835283846 0.00613592315154256468 0.19363398344438448317
2.6261751088602328 0.3051061424838292 0.00613592315154256468 0.18779204974594182476
2.6323110320117755 0.3056347342346197 0.00613592315154256468 0.18191542591380299720
2.6384469551633183 0.3061798083062442 0.00613592315154256468 0.17600396377286509075
2.6445828783148611 0.3067417174164902 0.00613592315154256468 0.17005751264681823187
2.6507188014664038 0.3073208174963027 0.00613592315154256468 0.16407591932968101922
2.6568547246179466 0.3079174677107619 0.00613592315154256468 0.15805902805719013182
2.6629906477694893 0.3085320304801802 0.00613592315154256468 0.15200668047804549721
2.6691265709210321 0.3091648715013182 0.00613592315154256468 0.14591871562501101955
2.6752624940725749 0.3098163597687156 0.00613592315154256468 0.13979496988587614137
2.6813984172241176 0.3104868675961380 0.00613592315154256468 0.13363527697427624030
2.6875343403756604 0.3111767706381355 0.00613592315154256468 0.12743946790037685712
2.6936702635272032 0.3118864479117143 0.00613592315154256468 0.12120737094142219892
2.6998061866787459 0.3126162818181155 0.00613592315154256468 0.11493881161215091513
2.7059421098302887 0.3133666581647035 0.00613592315154256468 0.10863361263508025667
2.7120780329818315 0.3141379661869589 0.00613592315154256468 0.10229159391066211526
2.7182139561333742 0.3149305985705751 0.00613592315154256468 0.09591257248731238638
2.7243498792849170 0.3157449514736570 0.00613592315154256468 0.08949636253131626473
2.7304858024364598 0.3165814245490179 0.00613592315154256468 0.08304277529661202584
2.7366217255880025 0.3174404209665748 0.00613592315154256468 0.07655161909445623580
2.7427576487395453 0.3183223474358372 0.00613592315154256468 0.07002269926297177705
2.7488935718910881 0.3192276142284894 0.00613592315154256468 0.06345581813658279779
2.7550294950426308 0.3201566352010619 0.00613592315154256468 0.05685077501533863931
2.7611654181941736 0.3211098278176900 0.00613592315154256468 0.05020736613412951632
2.7673013413457164 0.3220876131729584 0.00613592315154256468 0.04352538463179728145
2.7734372644972591 0.3230904160148254 0.00613592315154256468 0.03680462052014427110
2.7795731876488019 0.3241186647676293 0.00613592315154256468 0.03004486065284239782
2.7857091108003447 0.3251727915551685 0.00613592315154256468 0.02324588869424709658
2.7918450339518874 0.3262532322238565 0.00613592315154256468 0.01640748508811873396
2.7979809571034302 0.3273604263659462 0.00613592315154256468 0.00952942702625447779
2.8041168802549730 0.3284948173428224 0.00613592315154256468 0.00261148841703440215
2.8102528034065157 0.3296568523083571 0.00613592315154256468 0.00434656014611406460
2.8163887265580585 0.3308469822323267 0.00613592315154256468 0.01134495141633107274
2.8225246497096013 0.3320656619238849 0.00613592315154256468 0.01838392152501372445
2.8286605728611440 0.3333133500550908 0.00613592315154256468 0.02546371001357650155
2.8347964960126868 0.3345905091844862 0.00613592315154256468 0.03258455986527891701
2.8409324191642296 0.3358976057807193 0.00613592315154256468 0.03974671753711644939
2.8470683423157723 0.3372351102462121 0.00613592315154256468 0.04695043299177092955
2.8532042654673151 0.3386034969408652 0.00613592315154256468 0.05419595972961482877
2.8593401886188579 0.3400032442057986 0.00613592315154256468 0.06148355482076722778
2.8654761117704006 0.3414348343871227 0.00613592315154256468 0.06881347893719563791
2.8716120349219434 0.3428987538597357 0.00613592315154256468 0.07618599638485951120
2.8777479580734862 0.3443954930511444 0.00613592315154256468 0.08360137513589127600
2.8838838812250289 0.3459255464653013 0.00613592315154256468 0.09105988686080934702
2.8900198043765717 0.3474894127064566 0.00613592315154256468 0.09856180696075930725
2.8961557275281145 0.3490875945030190 0.00613592315154256468 0.10610741459977818257
2.9022916506796572 0.3507205987314198 0.00613592315154256468 0.11369699273707586928
2.9084275738312000 0.3523889364399773 0.00613592315154256468 0.12133082815932969001
2.9145634969827428 0.3540931228727559 0.00613592315154256468 0.12900921151298685996
2.9206994201342855 0.3558336774934144 0.00613592315154256468 0.13673243733656859078
2.9268353432858283 0.3576111240090383 0.00613592315154256468 0.14450080409297114126
2.9329712664373710 0.3594259903939527 0.00613592315154256468 0.15231461420175865240
2.9391071895889138 0.3612788089135083 0.00613592315154256468 0.16017417407144107777
2.9452431127404566 0.3631701161478356 0.00613592315154256468 0.16807979413173224081
2.9513790358919993 0.3651004530155631 0.00613592315154256468 0.17603178886578205176
2.9575149590435421 0.3670703647974920 0.00613592315154256468 0.18403047684237641701
2.9636508821950849 0.3690804011602227 0.00613592315154256468 0.19207618074809953979
2.9697868053466276 0.3711311161797274 0.00613592315154256468 0.20016922741945200603
2.9759227284981704 0.3732230683648615 0.00613592315154256468 0.20830994787491766140
2.9820586516497132 0.3753568206808093 0.00613592315154256468 0.21649867734697417210
2.9881945748012559 0.3775329405724570 0.00613592315154256468 0.22473575531404008099
2.9943304979527987 0.3797519999876862 0.00613592315154256468 0.23302152553235114252
3.0004664211043415 0.3820145754005820 0.00613592315154256468 0.24135633606775977467
3.0066023442558842 0.3843212478345504 0.00613592315154256468 0.24974053932745135520
3.0127382674074270 0.3866726028853340 0.00613592315154256468 0.25817449209156823065
3.0188741905589698 0.3890692307439257 0.00613592315154256468 0.26665855554473710809
3.0250101137105125 0.3915117262193668 0.00613592315154256468 0.27519309530748981008
3.0311460368620553 0.3940006887614274 0.00613592315154256468 0.28377848146757234105
3.0372819600135981 0.3965367224831590 0.00613592315154256468 0.29241508861113274520
3.0434178831651408 0.3991204361833141 0.00613592315154256468 0.30110329585378203809
3.0495538063166836 0.4017524433686227 0.00613592315154256468 0.30984348687151869184
3.0556897294682264 0.4044333622759215 0.00613592315154256468 0.31863604993151056766
3.0618256526197691 0.4071638158941247 0.00613592315154256468 0.32748137792272374869
3.0679615757713119 0.4099444319860316 0.00613592315154256468 0.33637986838639355458
3.0740974989228547 0.4127758431099609 0.00613592315154256468 0.34533192354632641363
3.0802334220743974 0.4156586866412050 0.00613592315154256468 0.35433795033902620863
3.0863693452259402 0.4185936047932950 0.00613592315154256468 0.36339836044363510448
3.0925052683774830 0.4215812446390697 0.00613592315154256468 0.37251357031168186307
3.0986411915290257 0.4246222581315380 0.00613592315154256468 0.38168400119662759806
3.1047771146805685 0.4277173021245284 0.00613592315154256468 0.39091007918320014314
3.1109130378321113 0.4308670383931152 0.00613592315154256468 0.40019223521650942876
3.1170489609836540 0.4340721336538140 0.00613592315154256468 0.40953090513093276526
3.1231848841351968 0.4373332595845361 0.00613592315154256468 0.41892652967876248260
3.1293208072867396 0.4406510928442939 0.00613592315154256468 0.42837955455860537990
3.1354567304382823 0.4440263150926481 0.00613592315154256468 0.43789043044352521372
