0.0000000000000000 0.0000000000000000 0.04908738521234051744 0.00000000000000000000
0.0490873852123405 -0.0070142840389930 0.04908738521234051744 0.05608195836641105547
0.0981747704246810 -0.0114121001925971 0.04908738521234051744 0.10942924052215774466
0.1472621556370216 -0.0134341698078642 0.04908738521234051744 0.16016464426322593595
0.1963495408493621 -0.0133082254528112 0.04908738521234051744 0.20839854746893946014
0.2454369260617026 -0.0112494891383647 0.04908738521234051744 0.25422966904162858093
0.2945243112740431 -0.0074611661289443 0.04908738521234051744 0.29774584338340664980
0.3436116964863836 -0.0021349450532995 0.04908738521234051744 0.33902479844551952626
0.3926990816987241 0.0045485036100490 0.04908738521234051744 0.37813492875504078894
0.4417864669110647 0.0124190373196316 0.04908738521234051744 0.41513605611065051981
0.4908738521234052 0.0213165649953143 0.04908738521234051744 0.45008017183068338429
0.5399612373357456 0.0310905886690891 0.04908738521234051744 0.48301215552413256926
0.5890486225480862 0.0415997666851040 0.04908738521234051744 0.51397046633449816611
0.6381360077604268 0.0527115010160916 0.04908738521234051744 0.54298780347634179044
0.6872233929727674 0.0643015505166417 0.04908738521234051744 0.57009173364700382880
0.7363107781851079 0.0762536712918626 0.04908738521234051744 0.59530528355515599515
0.7853981633974485 0.0884592848172118 0.04908738521234051744 0.61864749636933591415
0.8344855486097891 0.1008171739948672 0.04908738521234051744 0.64013395136009199060
0.8835729338221296 0.1132332069664310 0.04908738521234051744 0.65977724639630608294
0.9326603190344702 0.1256200882131712 0.04908738521234051744 0.67758744326747399889
0.9817477042468108 0.1378971362554754 0.04908738521234051744 0.69357247604707006339
1.0308350894591514 0.1499900871049600 0.04908738521234051744 0.70773852289531236082
1.0799224746714919 0.1618309225183199 0.04908738521234051744 0.72009034183003528540
1.1290098598838325 0.1733577220445395 0.04908738521234051744 0.73063157107890408515
1.1780972450961731 0.1845145378400863 0.04908738521234051744 0.73936499467120064821
1.2271846303085137 0.1952512912442988 0.04908738521234051744 0.74629277393872217594
1.2762720155208542 0.2055236901541108 0.04908738521234051744 0.75141664557809828562
1.3253594007331948 0.2152931663088282 0.04908738521234051744 0.75473808688571608627
1.3744467859455354 0.2245268316877792 0.04908738521234051744 0.75625844871545144787
1.4235341711578759 0.2331974533326754 0.04908738521234051744 0.75597905663210573923
1.4726215563702165 0.2412834460293153 0.04908738521234051744 0.75390128064288164378
1.5217089415825571 0.2487688824170843 0.04908738521234051744 0.75002657378808801347
1.5707963267948977 0.2556435202371572 0.04908738521234051744 0.74435647976284280425
1.6198837120072382 0.2619028465792591 0.04908738521234051744 0.73689260962591318638
1.6689710972195788 0.2675481391403481 0.04908738521234051744 0.72763658753184867756
1.7180584824319194 0.2725865446648398 0.04908738521234051744 0.71658996529994101188
1.7671458676442600 0.2770311748932338 0.04908738521234051744 0.70375410550999639714
1.8162332528566005 0.2809012205024329 0.04908738521234051744 0.68913003269211070556
1.8653206380689411 0.2842220836747725 0.04908738521234051744 0.67271825205743596143
1.9144080232812817 0.2870255300817186 0.04908738521234051744 0.65451853510130164615
1.9634954084936223 0.2893498612100070 0.04908738521234051744 0.63452967130127913009
2.0125827937059628 0.2912401080900077 0.04908738521234051744 0.61274918503343500653
2.0616701789183032 0.2927482476051989 0.04908738521234051744 0.58917301674315547544
2.1107575641306435 0.2939334426642529 0.04908738521234051744 0.56379516733601864331
2.1598449493429839 0.2948623075991927 0.04908738521234051744 0.53660730470335193942
2.2089323345553242 0.2956092002096128 0.04908738521234051744 0.50759833127103159978
2.2580197197676646 0.2962565418985706 0.04908738521234051744 0.47675391146416590260
2.3071071049800049 0.2968951673342609 0.04908738521234051744 0.44405595802069786071
2.3561944901923453 0.2976247050159934 0.04908738521234051744 0.40948207617055387697
2.4052818754046856 0.2985539900155784 0.04908738521234051744 0.37300496483143980031
2.4543692606170260 0.2998015099974973 0.04908738521234051744 0.33459177416614815925
2.5034566458293663 0.3014958853840253 0.04908738521234051744 0.29420341910840819288
2.5525440310417067 0.3037763842150377 0.04908738521234051744 0.25179384880456479046
2.6016314162540470 0.3067934718463873 0.04908738521234051744 0.20730927234683477201
2.6507188014663874 0.3107093951250993 0.04908738521234051744 0.16068734170089898905
2.6998061866787277 0.3156988000638939 0.04908738521234051744 0.11185629336638897025
2.7488935718910681 0.3219493813018309 0.04908738521234051744 0.06073405106325979741
2.7979809571034084 0.3296625607731827 0.04908738521234051744 0.00722729261903842790
2.8470683423157488 0.3390541920054269 0.04908738521234051744 0.04876951475096324984
2.8961557275280891 0.3503552853239258 0.04908738521234051744 0.10737510542066050490
2.9452431127404295 0.3638127479526422 0.02454369260617025872 0.16872242593651232134
2.9697868053465997 0.3715117082166149 0.02454369260617025872 0.20054981945631192297
2.9943304979527698 0.3798588368208235 0.02454369260617025872 0.23312836236545991797
3.0188741905589400 0.3888901868374804 0.02454369260617025872 0.26647951163826227861
3.0434178831651102 0.3986429585701727 0.02454369260617025872 0.30062581824061013203
3.0679615757712804 0.4091555224209671 0.02454369260617025872 0.33559095882129758026
3.0925052683774505 0.4204674412510339 0.02454369260617025872 0.37139976692361370558
3.1170489609836207 0.4326194921152046 0.02454369260617025872 0.40807826359228999147
3.1415926535897909 0.4456536872429913 0.02454369260617025872 0.44565368724298892733
