0.78539816339744827900
0.78539816339744827900
0.39269908169872413950
0.19634954084936206975
0.09817477042468103487
0.04908738521234051744
0.04908738521234051744
0.04908738521234051744
0.04908738521234051744
0.04908738521234051744
0.04908738521234051744
0.04908738521234051744
0.04908738521234051744
0.04908738521234051744
0.04908738521234051744
0.04908738521234051744
0.04908738521234051744
0.04908738521234051744
0.04908738521234051744
0.04908738521234051744
0.04908738521234051744
0.04908738521234051744
0.04908738521234051744
0.04908738521234051744
0.04908738521234051744
0.04908738521234051744
0.04908738521234051744
0.04908738521234051744
0.04908738521234051744
0.04908738521234051744
0.04908738521234051744
0.04908738521234051744
0.04908738521234051744
0.04908738521234051744
0.04908738521234051744
0.04908738521234051744
